219439360.0
43598932.0
20724306.0
7488105.0
3942649.0
2417054.5
1702479.125
1267004.625
1040813.0625
894331.8125
780695.75
681932.4375
585543.25
506769.125
444929.03125
394283.0
355387.09375
324649.875
298221.875
295542.59375
257841.90625
240279.375
224157.421875
254738.859375
225316.359375
197887.6875
187798.296875
192219.46875
176122.578125
162656.734375
158259.5625
150160.375
142456.96875
137388.828125
263265.28125
186130.9375
156516.390625
138623.875
129579.0703125
118933.5234375
117482.4375
112611.5078125
111588.8359375
104063.9453125
100344.34375
96982.5078125
97501.6328125
91979.2734375
89566.609375
200520.53125
161254.328125
1265267.125
1324362.375
636715.3125
275298.71875
189530.140625
153127.5
126055.5390625
114135.6484375
108579.5859375
104409.46875
101351.3671875
98945.9609375
96797.1640625
94761.734375
92965.390625
91206.8828125
89637.7421875
88117.6015625
86683.1640625
85350.8046875
84080.4453125
82751.3203125
81609.9921875
80423.390625
79338.4375
78299.5234375
77314.0625
76314.2578125
75333.71875
74592.078125
73542.4921875
72547.1640625
71733.5390625
70796.984375
70016.8359375
69178.3671875
68387.25
67513.8828125
66853.875
66529.4375
65633.8671875
64639.69140625
64058.390625
63199.609375
64071.65625
62370.47265625
61215.58984375
60549.2734375
59879.40234375
59380.26171875
58905.453125
58191.46875
57586.16796875
57596.34375
56376.796875
55832.9375
55368.828125
55341.421875
54239.50390625
53587.01171875
53120.421875
52714.34765625
52321.42578125
52219.96484375
51148.8515625
50705.4140625
50112.44921875
49883.453125
49541.9453125
49325.421875
48974.7578125
48397.3125
48322.3046875
47993.2734375
47435.125
46200.13671875
46085.578125
45427.31640625
45070.33984375
44630.56640625
44209.68359375
43919.11328125
43532.23046875
43966.0703125
44032.42578125
44396.26953125
43810.15625
41729.59765625
41561.73046875
41356.671875
41075.79296875
44121.02734375
40780.63671875
40759.5
46531.48828125
40616.57421875
41479.234375
40727.81640625
38545.88671875
38013.86328125
41055.96484375
38161.4375
37933.58984375
41557.01171875
54098.6171875
38798.7890625
38566.2578125
37266.12109375
36399.40625
35594.9921875
35893.15625
103860.28125
63419.65625
49620.6953125
43620.29296875
36509.765625
34122.53515625
33756.5234375
33593.6015625
41222.96484375
33649.4765625
32697.498046875
32630.7578125
32794.15625
32290.83203125
31753.296875
32191.8828125
33369.42578125
39457.546875
36569.64453125
33270.9375
30927.064453125
32769.2265625
30596.689453125
30245.259765625
38208.8203125
31002.154296875
39736.3671875
38475.75390625
41455.40234375
44195.0546875
36742.109375
42674.40234375
39965.41796875
29424.296875
28975.171875
28039.990234375
27798.341796875
34435.953125
39387.2578125
28908.818359375
68481.4453125
47826.8828125
32296.455078125
35499.0078125
38698.78125
34539.125
27873.015625
28475.61328125
32466.962890625
41436.41015625
33712.63671875
28159.34765625
26189.650390625
25304.986328125
25155.3515625
24995.8515625
24861.40234375
24811.3671875
24741.990234375
24633.384765625
24904.890625
24510.134765625
24510.30078125
24289.32421875
24176.84375
24189.857421875
24034.130859375
24000.818359375
23882.4296875
23784.810546875
23727.5
23662.15625
23585.982421875
23576.875
23457.640625
23308.576171875
23278.3203125
23345.548828125
23127.943359375
23046.978515625
22924.90625
22833.345703125
22773.201171875
22696.970703125
22653.021484375
22684.56640625
22522.705078125
22368.93359375
22400.85546875
22395.701171875
22253.1484375
22051.74609375
21965.50390625
23036.546875
21972.896484375
21760.798828125
21691.501953125
21848.177734375
21607.7109375
21536.32421875
21531.462890625
21700.921875
21628.68359375
21284.8671875
21481.224609375
21006.859375
20933.490234375
20979.21484375
20856.388671875
20759.857421875
20709.80078125
20713.076171875
20596.12890625
20620.494140625
20366.65234375
20286.75390625
20294.919921875
20281.19921875
20267.44140625
20474.98046875
20324.65625
20296.34765625
19949.79296875
20051.017578125
19802.8046875
19644.38671875
19732.09765625
19699.37109375
19624.03125
19273.359375
19187.4140625
19406.54296875
19327.2421875
19249.0546875
18939.39453125
19427.5078125
18904.064453125
18782.5234375
18682.990234375
21103.498046875
18844.37890625
18873.837890625
19186.955078125
19023.296875
18417.505859375
18418.37109375
18291.7734375
18201.130859375
18854.025390625
19197.244140625
21187.2890625
18689.236328125
19384.666015625
18195.517578125
18207.91015625
17612.921875
17863.177734375
17457.203125
18555.287109375
18944.146484375
18430.115234375
17548.642578125
17483.1484375
17018.462890625
17039.11328125
18109.13671875
18258.015625
18993.59765625
16710.505859375
24685.58984375
21238.189453125
18634.4453125
19867.11328125
27387.02734375
17246.08203125
17687.40234375
16805.232421875
16490.03125
18845.970703125
20839.857421875
30987.666015625
22391.21484375
16446.126953125
15909.0068359375
18876.298828125
21614.802734375
18895.841796875
18690.41796875
16429.353515625
15680.24609375
15387.8740234375
15341.51171875
15270.744140625
15254.14453125
15231.734375
15175.755859375
15080.4091796875
15056.8369140625
15037.4609375
14997.6748046875
15008.53515625
14956.0234375
14950.2744140625
14974.0322265625
14874.9833984375
14822.2119140625
14808.3134765625
14793.4296875
14764.4443359375
14704.8330078125
14696.1748046875
14633.7412109375
14532.5302734375
14602.2841796875
14526.6796875
14487.462890625
14520.216796875
14514.64453125
14668.072265625
14578.4580078125
14387.97265625
14250.064453125
14254.22265625
14189.7607421875
14141.072265625
14160.4326171875
14110.279296875
14039.9482421875
14063.8955078125
14215.5283203125
14089.4189453125
13980.697265625
13871.4970703125
13950.3037109375
13986.5546875
13960.0625
13842.998046875
13724.6943359375
13690.8505859375
13684.6435546875
13593.205078125
13567.8720703125
13540.6884765625
13522.46484375
13522.853515625
13465.06640625
13449.55078125
13506.6025390625
13403.4375
13321.982421875
13253.5966796875
13277.77734375
13207.5166015625
13197.3193359375
13254.33984375
13323.595703125
13139.712890625
13169.8515625
13024.794921875
12981.4365234375
12925.7939453125
13048.1796875
12970.8720703125
12946.52734375
12996.0546875
12893.4755859375
12939.783203125
12894.8701171875
12690.8583984375
12632.6796875
12722.966796875
12641.73828125
12518.61328125
12528.5087890625
12426.4296875
12390.966796875
12509.498046875
12354.3857421875
12298.6015625
12427.5
12238.125
12237.11328125
12290.890625
12335.9541015625
12047.3935546875
12115.306640625
12004.572265625
11990.9296875
11943.779296875
12027.8193359375
12177.3203125
11983.609375
12011.826171875
11807.6318359375
11817.28515625
12042.9248046875
11749.78125
11617.87109375
11729.8935546875
11699.61328125
12122.16015625
11852.763671875
11611.09765625
12371.61328125
11704.419921875
12058.611328125
12591.4609375
12860.5166015625
20926.72265625
12806.2373046875
11719.8544921875
11649.8330078125
11868.0068359375
12340.1552734375
13046.0302734375
12227.1435546875
11076.08203125
10975.947265625
11088.224609375
10850.248046875
10996.955078125
11754.787109375
12584.9873046875
10868.013671875
11299.97265625
10868.2998046875
10837.47265625
10689.3017578125
19016.078125
14166.0927734375
13956.7099609375
11934.61328125
17929.0546875
10606.099609375
10600.6435546875
11020.916015625
11663.4375
11211.41015625
10533.30078125
10892.2412109375
11867.111328125
13076.58984375
11283.8427734375
12781.1552734375
10308.5458984375
11013.9033203125
13036.47265625
11137.8896484375
20380.177734375
21808.25
13737.208984375
14621.5390625
11734.544921875
10621.369140625
10146.3251953125
9832.2412109375
9683.5234375
9637.5380859375
9620.369140625
9630.9013671875
9612.75
9623.275390625
9608.962890625
9558.1552734375
9540.9951171875
9553.8330078125
9489.5322265625
9548.1005859375
9477.873046875
9472.1611328125
9439.984375
9473.939453125
9384.029296875
9401.7099609375
9367.078125
9455.3203125
9348.24609375
9325.6162109375
9310.16015625
9342.9287109375
9280.2294921875
9271.228515625
9331.8662109375
9271.5859375
9382.7099609375
9309.8037109375
9224.4970703125
9185.5625
9153.375
9145.87890625
9180.2724609375
9098.181640625
9116.2587890625
9062.349609375
9035.078125
9033.8046875
9036.265625
9017.693359375
8988.1953125
8954.25390625
8960.2412109375
8999.08984375
9030.66796875
8981.962890625
8959.251953125
8859.1728515625
8859.6044921875
8869.9501953125
8931.4091796875
8903.5810546875
8931.1611328125
8809.0634765625
8742.22265625
8732.724609375
8766.6875
8735.96484375
8762.4130859375
8721.3857421875
8687.3662109375
8640.5341796875
8636.3701171875
8730.166015625
8615.3134765625
8601.009765625
8673.6376953125
8585.7958984375
8512.6123046875
8480.671875
8571.9453125
8472.5322265625
9381.9140625
8723.068359375
8427.6611328125
8386.5029296875
8364.5927734375
8345.794921875
8336.626953125
8403.5283203125
8359.0703125
8592.1123046875
8560.587890625
8747.5732421875
8449.15625
8255.4755859375
8208.6435546875
8296.693359375
8274.8984375
8130.2119140625
8137.26171875
8260.724609375
8115.529296875
8198.4306640625
8065.67919921875
8040.34521484375
8025.70556640625
8047.888671875
8022.8896484375
8114.3291015625
8144.8896484375
8335.0302734375
8154.7802734375
8365.8603515625
8290.6552734375
8067.0322265625
7918.634765625
7802.84326171875
10090.2998046875
8821.3193359375
8678.212890625
7961.08837890625
7751.3720703125
7792.080078125
8073.7060546875
8175.60791015625
7973.62646484375
8054.79296875
7807.4404296875
8939.328125
7745.79638671875
7831.80029296875
8064.3349609375
8168.28955078125
7777.67236328125
7576.14990234375
7606.13818359375
7536.841796875
7529.158203125
7609.28515625
7456.87939453125
7521.056640625
7674.80224609375
7564.84326171875
7736.96533203125
7928.1357421875
7641.9404296875
7611.986328125
7333.865234375
7534.75146484375
7665.11767578125
7748.5419921875
7289.30810546875
7791.69677734375
14365.3251953125
8567.802734375
7715.17431640625
7651.8046875
7739.78125
8032.47314453125
7291.556640625
7517.02001953125
7241.5322265625
7337.37109375
8558.912109375
7651.44970703125
7949.05712890625
7743.2578125
8374.5966796875
12087.078125
9682.4755859375
8291.4912109375
8118.62890625
7878.98486328125
8226.876953125
7383.7509765625
7089.31494140625
7048.60400390625
6816.76611328125
6965.39794921875
7064.3349609375
7011.1650390625
7975.8037109375
7560.2333984375
8031.52685546875
7068.07177734375
6863.64013671875
7965.732421875
7854.10791015625
6686.740234375
6918.1513671875
6792.6875
11177.86328125
12725.3955078125
9865.1337890625
7149.4619140625
8008.6533203125
9251.6923828125
8297.4951171875
6885.28515625
6558.52978515625
6427.78857421875
6409.12646484375
6403.916015625
6415.36376953125
6393.38525390625
6382.51318359375
6370.6552734375
6604.7138671875
6427.58349609375
6360.20458984375
6343.92236328125
6328.1103515625
6329.92724609375
6326.57421875
6308.1474609375
6324.55322265625
6309.37744140625
6287.25732421875
6267.0556640625
6255.4892578125
6243.4462890625
6562.95849609375
6349.2666015625
6247.755859375
6220.90673828125
6240.728515625
6249.30810546875
6225.37744140625
6209.0224609375
6173.123046875
6186.71142578125
6163.3740234375
6161.216796875
6130.5869140625
6430.12646484375
6258.09423828125
6161.2451171875
6134.7265625
6114.21533203125
6109.66455078125
6085.30029296875
6101.20068359375
6119.431640625
6094.74072265625
6080.40380859375
6071.1103515625
6035.41015625
6016.6474609375
6010.53125
6004.3271484375
6022.66650390625
5993.09765625
6046.47021484375
5968.17822265625
6000.92236328125
5952.765625
5943.79638671875
5933.32958984375
5935.994140625
5932.02001953125
5927.310546875
5898.41162109375
5926.681640625
5893.28662109375
5869.68701171875
5881.33349609375
5915.515625
5850.423828125
5885.26171875
5841.60986328125
5826.22705078125
5878.6796875
5808.87158203125
5792.65234375
5775.79833984375
5752.63134765625
5739.60498046875
5751.95458984375
5802.232421875
5781.6171875
6187.05322265625
5813.11376953125
5711.4326171875
5696.0419921875
5683.19677734375
5670.97412109375
5716.79443359375
6006.81884765625
5856.33837890625
5784.3935546875
5799.439453125
5792.275390625
5945.30810546875
5910.98486328125
5772.2138671875
5591.2607421875
5566.74951171875
5590.3818359375
5567.57470703125
5761.18408203125
5582.169921875
5519.73681640625
5592.7265625
5601.1083984375
5635.1220703125
5541.2314453125
5586.19140625
5533.54638671875
5464.9208984375
5472.037109375
6361.54345703125
5965.79443359375
5556.81640625
5449.1435546875
5443.40869140625
5452.22265625
5427.3994140625
5385.3369140625
6373.4365234375
5923.138671875
5670.36474609375
5449.958984375
5343.20849609375
5331.1533203125
6060.79931640625
5474.4404296875
5349.578125
5321.64794921875
5277.2294921875
5350.39794921875
5236.27294921875
5218.7822265625
5234.1298828125
5204.8369140625
5368.74365234375
5409.33740234375
5321.72998046875
5243.39501953125
5222.27099609375
5132.30517578125
5309.146484375
5147.5576171875
5170.52294921875
5111.654296875
5225.92333984375
5456.068359375
5411.9169921875
5434.13671875
5283.0654296875
5226.04736328125
5187.6611328125
5229.3974609375
5077.33203125
5051.294921875
5179.19921875
5163.5771484375
4993.05224609375
5208.83837890625
5189.10498046875
5088.02001953125
4949.74951171875
5125.0927734375
5022.779296875
4909.55712890625
4887.830078125
5397.02294921875
5323.94873046875
5492.037109375
4932.8046875
4996.8095703125
4978.9111328125
4872.13623046875
5053.89404296875
5043.6904296875
4873.58544921875
5088.51171875
4961.1787109375
6336.28173828125
5597.8369140625
5797.87841796875
6148.96044921875
6243.19189453125
6122.92724609375
4858.17529296875
4769.07470703125
4810.67333984375
4760.4619140625
4695.677734375
4696.80029296875
4681.85302734375
4682.81298828125
4710.1259765625
4680.57666015625
4687.1318359375
4681.5498046875
4652.7529296875
4669.62646484375
4666.0302734375
4675.416015625
4647.08349609375
4624.87646484375
4622.70751953125
4626.5556640625
4638.19775390625
4627.2607421875
4641.23486328125
4592.95068359375
4884.19580078125
4702.86572265625
4621.58984375
4589.8173828125
4576.19921875
4567.25537109375
4611.23583984375
4565.46533203125
4553.8037109375
4555.33203125
4557.458984375
4541.04296875
4544.4912109375
4569.80322265625
4538.234375
4543.77490234375
4536.70947265625
4556.0751953125
4507.54541015625
4532.876953125
4550.87939453125
4489.5029296875
4492.19970703125
4491.3798828125
4510.59521484375
4558.474609375
4508.99462890625
4480.97216796875
4463.74560546875
4455.60009765625
4447.32421875
4456.35009765625
4448.583984375
4438.22119140625
4430.380859375
4420.72509765625
4419.34326171875
4435.46533203125
4866.73828125
4535.7412109375
4414.42041015625
4418.494140625
4445.5302734375
4438.62841796875
4426.02783203125
4387.978515625
4419.9267578125
4366.1923828125
4384.0400390625
4395.439453125
4346.90869140625
4346.2890625
4408.9365234375
4373.52587890625
4397.62451171875
4327.060546875
4322.6796875
4303.35888671875
4302.14013671875
4296.7421875
4298.26171875
4286.138671875
4317.63525390625
4400.12646484375
4325.4326171875
4376.4287109375
4352.91015625
4357.8701171875
4327.939453125
4246.11279296875
4304.83349609375
4231.9521484375
4219.482421875
4312.72900390625
4238.890625
4233.4560546875
4261.87939453125
4305.189453125
4266.2841796875
4186.48974609375
4190.98291015625
4243.236328125
