823962496.0
166422512.0
73355736.0
26526830.0
13811950.0
8899222.0
6547787.0
4952039.0
4018769.25
3384552.5
2967066.25
2597426.5
2170392.0
1866678.25
1642872.25
1460233.875
1301210.625
1164323.0
1096189.625
1050590.75
931009.625
859520.3125
805919.4375
921351.1875
822586.0
731291.375
678398.0
701892.125
642980.0625
581642.125
571111.5625
540073.625
511649.75
503823.0
974885.125
693489.375
582715.125
518864.8125
477133.6875
447150.25
433769.90625
421974.0625
410568.65625
383437.3125
369203.46875
351032.0625
358564.5625
337521.15625
332918.90625
753866.5625
498760.8125
1956966.0
2330227.5
2016442.375
907792.6875
669371.0
542161.375
438832.59375
399416.375
377458.4375
366329.6875
350813.75
341993.78125
337415.09375
331079.6875
326337.5625
322581.84375
315842.75
305231.65625
309178.4375
309646.40625
295818.3125
293150.5625
286019.125
285557.0
282110.4375
277623.8125
278307.09375
270963.28125
267626.6875
265617.34375
264767.59375
259937.84375
258585.125
255428.03125
250602.03125
247416.125
244976.53125
239455.59375
238829.296875
239106.203125
233545.90625
232078.171875
232042.28125
233945.21875
231056.84375
221757.875
222070.03125
220455.046875
217363.75
213702.828125
212980.78125
209655.21875
205346.875
210411.0
203281.1875
200708.28125
199868.328125
197665.515625
194359.828125
196167.484375
193860.53125
189112.3125
191776.25
189975.28125
181523.0
183321.421875
180896.953125
179016.03125
178845.28125
180045.53125
178036.15625
181857.375
175406.96875
173179.953125
172341.375
164138.375
165170.78125
162577.6875
163442.46875
160597.5625
158926.953125
158437.28125
159031.21875
157790.71875
159252.90625
160532.625
157145.796875
149938.21875
148798.0625
146647.046875
149374.15625
158936.96875
146952.890625
147006.25
170111.03125
144854.203125
148500.984375
146458.546875
137252.84375
138684.078125
149576.671875
137154.4375
136482.71875
156279.578125
197476.875
139977.78125
140654.125
133278.40625
130239.4375
128824.328125
136127.15625
382226.5625
240309.546875
184499.328125
159894.40625
130138.1875
121959.4609375
120517.125
124626.5390625
148501.734375
120671.6640625
117055.7109375
118389.1015625
118772.890625
114452.015625
115178.3125
114603.375
122805.453125
143353.4375
134339.078125
119423.375
112448.578125
117572.046875
109554.828125
111203.9375
138748.296875
113949.328125
148156.78125
145069.6875
153632.1875
169907.40625
133550.890625
158365.09375
147717.078125
104548.984375
104408.03125
99510.328125
99388.25
128104.015625
141422.578125
102310.9453125
259249.40625
175916.46875
117206.890625
128047.6015625
139794.5
126503.4609375
101578.578125
105963.453125
119242.578125
162470.578125
122102.6875
100623.2890625
93568.6015625
90962.65625
89644.578125
88318.828125
88178.171875
88049.859375
88855.109375
93021.9765625
87518.2578125
88788.828125
87254.875
85771.1015625
86439.328125
86448.6015625
85547.890625
86097.328125
84992.15625
85014.1875
83747.2265625
84919.609375
82900.578125
84555.9765625
84121.484375
82579.0859375
82152.40625
82784.890625
81616.453125
81949.6953125
80846.40625
82448.5078125
81598.515625
81957.125
79616.515625
81348.3046875
80363.4140625
79848.484375
80587.0
80262.1484375
79061.390625
77043.828125
84062.0625
82895.2890625
78646.7265625
77535.234375
77027.5625
77643.8359375
76057.9609375
76935.390625
77725.234375
77938.9765625
78022.921875
75847.671875
76300.578125
73889.890625
74192.7265625
74779.1484375
73935.890625
73314.84375
74001.9921875
74544.0
73780.765625
73064.765625
72122.8515625
72421.171875
71711.2265625
70998.65625
71874.078125
73048.3046875
72043.390625
71387.28125
70882.4375
71639.4375
70096.5859375
69538.140625
68808.4765625
69591.7109375
68424.5390625
67606.859375
67355.078125
68887.484375
68066.609375
68273.640625
67943.8046875
69634.9921875
66514.7890625
66077.546875
70989.328125
76488.625
66341.4609375
66192.203125
69097.015625
67639.0859375
64879.2734375
65290.0625
65256.14453125
64175.01171875
66829.0234375
67533.4921875
76137.546875
66100.484375
68645.828125
64429.6640625
63784.05078125
62484.67578125
63382.5390625
61998.9765625
65019.6015625
68501.0390625
64158.0625
61496.69921875
61908.3828125
59453.55078125
59267.6640625
64024.1328125
66732.21875
67720.3359375
63853.73046875
89773.5078125
76300.1875
66310.6171875
73113.0
99766.1328125
61034.23828125
62393.0625
58381.1328125
57583.8046875
67259.296875
77894.234375
112726.7890625
80539.359375
58124.85546875
55930.90625
69427.640625
78111.0078125
68867.25
65708.078125
57456.7109375
55529.625
53695.78125
53498.375
53317.6640625
53658.9765625
53186.9296875
53476.38671875
52575.375
52512.86328125
52392.2578125
52113.37890625
52362.7890625
52198.3515625
52360.5703125
52183.21875
52394.11328125
51236.17578125
51636.4921875
51412.91796875
51083.9453125
51401.1328125
51269.90234375
51337.33203125
51004.6015625
51198.5703125
50573.3984375
50983.41796875
50914.63671875
50169.06640625
51266.390625
51605.4296875
50584.73828125
49754.55078125
50331.4296875
49498.375
49370.79296875
49778.08984375
49106.6875
49497.30859375
48750.671875
49652.29296875
49703.49609375
48128.03125
48554.33984375
48671.12109375
48491.7265625
48698.9140625
47999.7734375
48195.2734375
47841.796875
47539.77734375
47048.6875
47534.93359375
46579.41796875
47300.30078125
47168.859375
46908.7265625
46625.17578125
47969.69921875
46370.48046875
46350.125
46149.85546875
46377.3515625
46136.30078125
45789.93359375
45770.78515625
46436.88671875
46292.65234375
45900.9140625
45420.8359375
45025.11328125
45339.86328125
45044.0546875
44851.01953125
45188.42578125
45548.65625
45112.19140625
45291.9453125
44751.984375
44154.125
44102.23046875
44321.62890625
43967.625
43384.1015625
43364.98046875
42658.05078125
43092.0546875
43693.171875
42867.84375
42388.5234375
42832.7109375
42314.88671875
42500.51171875
43006.98046875
43038.3828125
41851.1796875
41787.328125
41168.1796875
41641.26171875
41237.328125
41841.57421875
42729.03125
41552.12890625
41530.61328125
40574.2421875
41184.6953125
42063.2890625
40623.328125
40308.1171875
40355.37890625
40629.2265625
42380.92578125
40897.4765625
40732.48828125
43270.94921875
40539.9609375
41809.8828125
44535.1640625
48634.75390625
75640.265625
44766.21484375
40135.37109375
40368.1875
41792.93359375
43410.3203125
45394.01953125
42290.23828125
38411.64453125
37865.95703125
38221.88671875
37239.0546875
38222.6953125
41821.3515625
43935.3828125
37659.76171875
39032.54296875
37711.9296875
37066.21484375
40910.0546875
68051.828125
51463.9296875
50393.15625
42010.83203125
64941.38671875
36413.61328125
36495.1875
38544.515625
41005.1484375
38830.2578125
36441.75
37273.01953125
41586.60546875
46226.875
39870.90625
44482.4140625
35619.93359375
38258.32421875
46200.67578125
40275.8828125
78604.3515625
79353.1953125
49600.94921875
51588.3515625
41424.51953125
36644.99609375
34727.3359375
33503.9921875
33169.328125
33065.84375
32577.27734375
32466.48828125
32672.62890625
32891.58984375
32895.9453125
32465.240234375
32566.162109375
32661.33203125
32253.53125
32959.5078125
32035.19140625
31961.125
32198.37109375
32183.13671875
31936.818359375
31981.36328125
31592.0625
32330.0
31832.35546875
31697.259765625
31847.53125
32039.25
31499.556640625
31682.134765625
31902.240234375
31654.21875
31937.89453125
31541.115234375
31104.791015625
31054.431640625
31260.990234375
31197.912109375
30997.041015625
30961.734375
30824.228515625
30544.630859375
30703.884765625
30616.619140625
30557.74609375
30887.46875
30535.15234375
30271.60546875
30210.666015625
30485.61328125
30551.0625
30444.30859375
30305.46875
29984.306640625
29929.630859375
30215.46875
30320.80859375
29937.365234375
30359.671875
29920.755859375
29671.603515625
29503.505859375
29765.51171875
29425.13671875
29583.89453125
29433.369140625
29618.849609375
29230.36328125
29247.671875
29440.837890625
29157.046875
29102.775390625
29447.43359375
29174.109375
28728.333984375
28640.125
28802.31640625
32618.11328125
32481.556640625
29526.44921875
28256.5625
28397.84375
28139.412109375
27960.134765625
27966.46484375
28249.166015625
28137.537109375
29206.72265625
29166.578125
29714.55859375
28804.271484375
27694.17578125
27686.10546875
28213.61328125
27885.212890625
27199.125
27234.234375
27996.541015625
27383.962890625
27317.56640625
26970.93359375
26982.759765625
26982.240234375
26998.28125
26825.78125
27178.04296875
27226.134765625
28431.337890625
27715.52734375
28349.96875
28020.87109375
26916.546875
26626.619140625
30317.791015625
35063.546875
30651.443359375
29276.44921875
26603.23046875
25867.11328125
26140.828125
27035.26171875
27741.95703125
27010.462890625
27116.44140625
26481.77734375
30554.60546875
25906.947265625
26322.333984375
27329.15234375
27757.193359375
26172.873046875
25358.671875
25556.412109375
25209.669921875
25406.099609375
25535.708984375
24746.751953125
24999.865234375
25692.009765625
25644.0625
26370.478515625
26868.92578125
25892.95703125
25465.201171875
24456.810546875
25345.44140625
25896.39453125
25983.62109375
24632.365234375
30164.431640625
51852.7109375
29279.03515625
25944.20703125
25793.41015625
26332.27734375
27557.228515625
24343.388671875
25253.669921875
24119.921875
24636.71484375
30003.650390625
25998.21875
27357.44921875
26959.640625
28457.68359375
42022.70703125
33284.8046875
28378.98828125
27778.255859375
26960.009765625
27804.5625
24701.869140625
23810.484375
23501.431640625
22706.603515625
23239.919921875
23611.359375
23506.185546875
26816.255859375
26115.333984375
27283.83203125
23398.423828125
22792.615234375
26906.32421875
26528.97265625
22124.546875
23038.73046875
22661.84765625
38934.4453125
44615.6796875
33987.09765625
23877.078125
27076.818359375
32018.275390625
28079.33984375
22883.6015625
21507.7890625
21358.09765625
21055.578125
21143.0625
21182.068359375
20921.904296875
20948.767578125
24983.125
21939.349609375
21281.7265625
21035.58984375
20857.478515625
20991.552734375
20815.384765625
20956.921875
20688.10546875
20849.291015625
20756.265625
20809.58984375
20549.5390625
20611.52734375
24451.587890625
21600.837890625
20852.396484375
20407.94921875
20451.29296875
20468.412109375
20608.71875
20588.08203125
20410.93359375
20291.826171875
20393.103515625
20284.37890625
20350.25
23943.68359375
21577.83984375
20679.740234375
20286.54296875
20098.79296875
20238.7109375
20076.51953125
19959.79296875
20016.86328125
20187.41796875
20232.13671875
19971.798828125
19992.185546875
19904.65234375
19680.830078125
19681.271484375
19822.61328125
19835.939453125
19797.138671875
19833.9609375
19501.0625
19712.33984375
19560.986328125
19540.728515625
19601.568359375
19504.541015625
19368.28515625
19432.84375
19339.7734375
19382.767578125
19227.578125
19346.71875
19356.255859375
19533.44140625
19174.93359375
19240.87109375
19095.24609375
19183.33203125
19261.478515625
19027.07421875
18917.025390625
18834.421875
18773.58203125
18822.69921875
18858.3515625
18886.064453125
22805.005859375
20523.619140625
19082.19921875
18763.939453125
18633.1875
18638.359375
18639.306640625
22545.62890625
19879.92578125
19228.912109375
19017.619140625
19264.119140625
19075.263671875
19616.462890625
19495.951171875
18950.6640625
18245.01953125
18161.00390625
18308.62109375
18112.45703125
18855.86328125
18182.44921875
18015.708984375
18242.10546875
18474.46484375
18500.064453125
18095.24609375
18342.96484375
18131.078125
17840.556640625
21758.619140625
21133.619140625
19760.205078125
18154.4609375
17791.84375
17800.751953125
17809.779296875
17748.556640625
21292.53515625
21200.8125
19550.546875
18555.79296875
17830.572265625
17592.763671875
21163.53515625
20118.62890625
17957.83984375
17337.810546875
17419.412109375
17154.23046875
17473.927734375
17037.150390625
16992.81640625
17077.83984375
16941.375
17606.20703125
17748.34765625
17188.26171875
17199.09765625
17045.392578125
16717.05859375
17376.677734375
16770.044921875
16924.837890625
16603.607421875
17075.921875
17955.775390625
17757.787109375
17948.63671875
17404.375
16946.42578125
16942.44921875
17177.302734375
16547.19140625
16427.62890625
16967.533203125
16862.69921875
16214.5029296875
16968.94140625
17001.103515625
16611.595703125
16106.65625
16701.197265625
16404.1640625
15910.8779296875
15881.470703125
17939.22265625
17403.314453125
18039.263671875
16029.2607421875
16315.818359375
16241.8623046875
15868.6201171875
16427.40234375
16660.201171875
15919.0966796875
16753.142578125
16453.412109375
21899.49609375
19086.537109375
19726.869140625
21036.638671875
22249.03515625
20351.16796875
15801.529296875
15431.009765625
15584.40625
15504.84375
15153.4921875
15185.5654296875
15033.7265625
15115.138671875
15238.1982421875
15105.505859375
15400.7783203125
15167.9658203125
14953.6533203125
15081.9169921875
14982.357421875
15192.2548828125
14913.451171875
14841.908203125
14955.529296875
15011.8857421875
15016.3935546875
14926.123046875
14924.5048828125
18606.58984375
15928.1611328125
15257.09375
14887.0830078125
14852.8515625
14818.125
14792.3095703125
14894.044921875
14676.2734375
14649.4658203125
14741.130859375
14632.328125
14593.3671875
14731.556640625
14729.673828125
14663.451171875
14585.244140625
14565.626953125
14586.4248046875
14456.974609375
14574.154296875
14705.259765625
14440.8310546875
14482.75
14462.7939453125
14473.587890625
14799.748046875
14471.9951171875
14392.810546875
14304.6298828125
14324.154296875
14319.71875
14307.923828125
14395.7939453125
14291.376953125
14189.734375
14227.4716796875
14133.8984375
17928.701171875
16060.658203125
14845.689453125
14262.810546875
14171.583984375
14311.169921875
14313.53125
14190.6923828125
14206.298828125
14262.861328125
14022.431640625
14147.9580078125
14199.9423828125
13931.541015625
13958.4296875
14192.6904296875
14171.2158203125
14123.3564453125
13884.484375
13870.6220703125
13808.2548828125
13817.2861328125
13838.0
13747.123046875
13764.796875
13883.181640625
14316.462890625
13992.2890625
14229.478515625
13983.7548828125
14051.859375
13980.005859375
13696.2060546875
13980.599609375
13533.853515625
13565.3515625
13874.9140625
13615.1142578125
13562.9345703125
13655.3955078125
13901.826171875
13728.966796875
13418.904296875
13374.0205078125
13655.8779296875
