924276.0
1196167.0
1174193.875
797777.875
422430.40625
143875.875
46948.21875
42970.78125
52061.5390625
32864.7265625
27211.05078125
24406.91796875
20487.806640625
19069.97265625
18138.419921875
18155.771484375
18012.158203125
18557.58984375
19694.826171875
19910.603515625
20719.421875
21145.615234375
21444.73046875
21276.923828125
20389.681640625
20018.96484375
19455.15234375
19117.521484375
18597.595703125
17824.32421875
17263.275390625
16773.37109375
15837.392578125
15345.5341796875
14662.634765625
13688.6748046875
13232.5859375
13167.7158203125
12564.9775390625
12245.9755859375
11683.443359375
11339.279296875
10893.8291015625
10517.681640625
10145.205078125
9659.923828125
9525.55859375
9246.4951171875
9084.80859375
11695.6904296875
148525.890625
1953241.75
2018021.0
188003.296875
62686.4609375
30992.55859375
28021.806640625
23905.044921875
23034.150390625
21846.359375
21440.255859375
20622.861328125
20178.98828125
19917.87109375
19601.943359375
19302.380859375
18976.56640625
18459.796875
17779.427734375
17696.275390625
17389.357421875
16446.814453125
15990.1220703125
15350.7421875
14991.8203125
14514.873046875
13996.701171875
13679.6328125
13092.67578125
12674.791015625
12292.46484375
11995.14453125
11573.6103515625
11271.6005859375
10942.1396484375
10576.0869140625
10257.123046875
10008.392578125
9697.205078125
9504.1552734375
9322.892578125
9029.9140625
8894.537109375
8758.53125
8571.7724609375
8371.994140625
8133.79443359375
8104.95556640625
7983.13818359375
7816.98193359375
7633.6201171875
7526.91943359375
7385.4189453125
7208.8505859375
7211.3525390625
7050.40869140625
6922.9921875
6856.1484375
6712.3251953125
6638.94287109375
6649.55224609375
6552.7783203125
6388.69189453125
6404.7646484375
6300.998046875
6149.921875
6147.6279296875
6075.77001953125
6003.7841796875
5977.4638671875
5951.32958984375
5884.6845703125
5859.7216796875
5772.7294921875
5705.6982421875
5700.6591796875
5583.41162109375
5561.4853515625
5506.0341796875
5514.1572265625
5440.2080078125
5406.57421875
5378.82373046875
5394.88427734375
5270.08349609375
5274.251953125
5207.71728515625
5171.91162109375
5156.8984375
5106.99609375
5038.8837890625
5083.2822265625
5004.5673828125
4980.88427734375
4957.12939453125
4907.3935546875
4852.5439453125
4851.0068359375
4819.6103515625
4792.5791015625
4840.49755859375
4807.1494140625
4733.54052734375
4706.46533203125
4675.66650390625
4603.9970703125
4610.05908203125
4637.3779296875
4582.4384765625
4570.7099609375
4578.16357421875
4577.5224609375
4408.7529296875
4422.71630859375
4445.55615234375
4484.0400390625
4446.6748046875
4439.32373046875
4405.8134765625
4383.43359375
4330.9404296875
4316.45849609375
4317.45166015625
4335.1630859375
4287.81005859375
4210.9443359375
4267.58984375
4185.32763671875
4163.2333984375
4130.0693359375
4113.04052734375
4085.21142578125
4137.8759765625
4054.231201171875
4049.606201171875
4083.20263671875
4019.589111328125
3982.541015625
3963.543701171875
3953.39453125
3930.860107421875
3903.37255859375
3819.55908203125
3868.29052734375
3870.50830078125
3824.939453125
3860.55859375
3819.846923828125
3822.58203125
3801.457763671875
3725.260498046875
3680.99267578125
3713.481689453125
3640.45654296875
3692.776123046875
3718.714111328125
3644.893310546875
3688.52099609375
3712.88916015625
3651.50146484375
3602.60693359375
3589.20068359375
3578.83642578125
3564.965576171875
3567.70849609375
3602.59765625
3568.01123046875
3531.806640625
3536.57666015625
3536.68603515625
3552.03515625
3535.971435546875
3465.34716796875
3540.802001953125
3470.36328125
3455.16796875
3474.846435546875
3464.08203125
3441.65087890625
3452.71728515625
3425.201904296875
3427.416015625
3377.91943359375
3416.49267578125
3353.996826171875
3394.70263671875
3392.46728515625
3345.01171875
3338.77197265625
3328.462158203125
3305.86767578125
3326.435546875
3285.614013671875
3343.240966796875
3312.95751953125
3319.54833984375
3241.57470703125
3275.68994140625
3259.6005859375
3242.071533203125
3262.17919921875
3242.044921875
3197.10986328125
3157.77978515625
3240.08642578125
3204.97265625
3183.449951171875
3166.84375
3143.70751953125
3133.796875
3106.122314453125
3135.204833984375
3156.582763671875
3131.7412109375
3139.56884765625
3088.066650390625
3079.909423828125
3045.58203125
3062.777587890625
3064.27197265625
3045.03857421875
3015.73486328125
3042.583984375
3049.411865234375
3019.302734375
2997.0439453125
2985.686279296875
2999.72509765625
2948.133056640625
2934.355224609375
2948.63427734375
2948.6884765625
2932.8193359375
2904.67431640625
2913.01416015625
2928.24951171875
2890.14013671875
2890.40478515625
2847.22314453125
2857.935302734375
2822.83544921875
2833.54052734375
2832.98291015625
2849.9169921875
2829.216796875
2842.15478515625
2854.87255859375
2842.15625
2788.2333984375
2777.224609375
2804.907958984375
2805.70654296875
2746.31494140625
2730.06982421875
2801.88671875
2751.73291015625
2714.42529296875
2731.968994140625
2737.46923828125
2704.71044921875
2705.178466796875
2663.940185546875
2702.588134765625
2652.790283203125
2659.76220703125
2656.38232421875
2627.81494140625
2650.66943359375
2651.93017578125
2628.422607421875
2587.431640625
2620.031982421875
2563.263671875
2568.39697265625
2592.8876953125
2551.324462890625
2532.473876953125
2550.923828125
2525.7900390625
2543.842041015625
2548.1611328125
2521.98779296875
2494.417236328125
2514.682861328125
2516.987548828125
2466.92626953125
2473.734375
2456.82763671875
2413.09228515625
2422.12646484375
2453.905029296875
2392.11962890625
2435.72119140625
2376.0068359375
2397.086669921875
2377.29541015625
2372.3369140625
2336.5517578125
2365.18701171875
2314.74267578125
2326.568603515625
2369.517822265625
2332.90234375
2331.59228515625
2318.344482421875
2331.490234375
2313.80810546875
2334.21337890625
2304.171630859375
2296.01025390625
2299.10791015625
2279.907470703125
2288.19091796875
2277.92822265625
2285.216064453125
2274.833984375
2291.06103515625
2254.86962890625
2262.82763671875
2241.87158203125
2236.099365234375
2256.87158203125
2240.957275390625
2254.643798828125
2248.00732421875
2246.64404296875
2223.232421875
2246.597900390625
2230.33544921875
2178.97314453125
2216.59228515625
2233.791748046875
2223.281982421875
2200.291259765625
2219.03515625
2193.949951171875
2185.6337890625
2192.02294921875
2164.296630859375
2191.309814453125
2147.541015625
2159.24853515625
2173.720703125
2115.22412109375
2149.37841796875
2136.66455078125
2114.195068359375
2126.9609375
2100.672607421875
2131.56201171875
2107.063720703125
2098.471923828125
2089.213134765625
2116.43994140625
2055.837158203125
2092.1064453125
2078.71923828125
2079.43505859375
2055.160888671875
2105.133544921875
2048.08544921875
2062.55908203125
2053.165771484375
2057.935302734375
2050.60205078125
2034.1771240234375
2002.828369140625
2030.3287353515625
2059.75390625
2019.5523681640625
2016.9837646484375
2002.739990234375
2019.486083984375
1979.5078125
1984.8310546875
2003.184814453125
2001.9652099609375
1984.270751953125
1980.409423828125
1970.929931640625
1976.425048828125
1994.6058349609375
1981.2523193359375
1968.947509765625
1952.0244140625
1954.758056640625
1938.785888671875
1964.745361328125
1952.953857421875
1945.330078125
1930.2132568359375
1916.8349609375
1927.4564208984375
1928.052734375
1952.180419921875
1935.180908203125
1927.6517333984375
1914.322509765625
1893.5728759765625
1917.890380859375
1897.2216796875
1902.704833984375
1929.2200927734375
1894.0892333984375
1892.2679443359375
1876.3984375
1901.861572265625
1908.303955078125
1879.908935546875
1883.22265625
1855.6927490234375
1865.1949462890625
1863.3121337890625
1856.224609375
1884.4595947265625
1869.1689453125
1848.624755859375
1851.153564453125
1834.2943115234375
1811.8724365234375
1842.2841796875
1841.2611083984375
1806.294189453125
1819.199462890625
1843.618896484375
1838.491943359375
1809.9127197265625
1797.708251953125
1825.9710693359375
1817.5228271484375
1808.101806640625
1808.2047119140625
1783.5406494140625
1834.6474609375
1797.6949462890625
1790.901611328125
1783.441162109375
1794.345458984375
1767.0068359375
1789.368896484375
1774.6624755859375
1785.721923828125
1786.2877197265625
1795.197509765625
1774.8134765625
1759.8890380859375
1758.1048583984375
1780.1578369140625
1751.539794921875
1763.0914306640625
1765.026611328125
1710.188720703125
1748.362060546875
1732.735595703125
1731.3232421875
1709.5054931640625
1748.0677490234375
1719.5234375
1727.7418212890625
1727.150146484375
1708.9339599609375
1681.5042724609375
1711.303466796875
1706.653564453125
1718.6644287109375
1686.040283203125
1685.9417724609375
1698.0885009765625
1694.8968505859375
1701.838623046875
1677.3486328125
1661.557373046875
1679.600830078125
1703.3336181640625
1687.123291015625
1663.796875
1686.637939453125
1693.770263671875
1678.8828125
1709.4605712890625
1660.759521484375
1652.1751708984375
1676.478271484375
1672.319580078125
1675.4935302734375
1674.9918212890625
1643.160888671875
1677.442138671875
1667.255859375
1668.127197265625
1678.845458984375
1672.373046875
1642.40625
1641.4437255859375
1672.2392578125
1653.8287353515625
1644.95703125
1637.4381103515625
1621.064453125
1636.335205078125
1650.338134765625
1651.0335693359375
1622.8116455078125
1649.6976318359375
1626.545654296875
1607.5755615234375
1634.482421875
1627.6512451171875
1617.045166015625
1647.8795166015625
1626.559814453125
1621.18603515625
1603.3056640625
1605.3497314453125
1606.109130859375
1613.012451171875
1600.862060546875
1608.235595703125
1608.6617431640625
1625.1295166015625
1608.4580078125
1580.503173828125
1605.3455810546875
1600.1968994140625
1588.4862060546875
1603.968505859375
1595.710205078125
1583.152587890625
1570.878173828125
1587.0238037109375
1590.5986328125
1587.912353515625
1584.634033203125
1579.7333984375
1580.306640625
1580.806640625
1584.593994140625
1578.708984375
1565.0677490234375
1562.4879150390625
1542.5845947265625
1566.1304931640625
1572.553955078125
1556.9759521484375
1543.796630859375
1566.1075439453125
1543.916015625
1528.572998046875
1535.216552734375
1531.5927734375
1531.321533203125
1565.1689453125
1537.840087890625
1551.669189453125
1540.1258544921875
1537.632568359375
1538.1761474609375
1556.826904296875
1536.6976318359375
1522.3636474609375
1504.601806640625
1532.938232421875
1514.930908203125
1492.4215087890625
1502.8603515625
1524.298583984375
1499.763916015625
1512.3359375
1503.0904541015625
1490.8797607421875
1476.636474609375
1515.1585693359375
1488.292724609375
1500.107177734375
1501.3553466796875
1490.9306640625
1494.785400390625
1500.066162109375
1483.4156494140625
1494.3038330078125
1450.317626953125
1459.05322265625
1470.961181640625
1477.4044189453125
1476.298828125
1473.765380859375
1467.506591796875
1473.312255859375
1484.0404052734375
1462.11083984375
1444.536376953125
1469.096923828125
1465.9036865234375
1463.4674072265625
1455.4556884765625
1446.7342529296875
1443.4732666015625
1449.563232421875
1447.7310791015625
1432.840087890625
1417.779296875
1431.296142578125
1430.2169189453125
1444.2896728515625
1459.671630859375
1414.63623046875
1412.324462890625
1408.2349853515625
1407.8697509765625
1429.5301513671875
1401.7265625
1401.3509521484375
1399.654541015625
1408.8775634765625
1409.1827392578125
1407.500244140625
1404.661376953125
1394.2689208984375
1398.0672607421875
1378.32080078125
1380.9107666015625
1389.9659423828125
1361.793212890625
1367.646728515625
1386.7218017578125
1356.352294921875
1365.017333984375
1375.6328125
1369.6507568359375
1323.8919677734375
1357.0614013671875
1340.8238525390625
1338.1646728515625
1329.926025390625
1339.2034912109375
1339.1597900390625
1342.855224609375
1352.4166259765625
1341.074951171875
1324.572265625
1339.013427734375
1341.9339599609375
1315.456787109375
1330.123046875
1333.1617431640625
1294.1644287109375
1310.2978515625
1302.258544921875
1306.178955078125
1302.056640625
1297.8590087890625
1292.051025390625
1300.5157470703125
1290.882080078125
1281.104736328125
1289.036865234375
1274.194091796875
1277.3970947265625
1271.6212158203125
1260.581787109375
1259.2764892578125
1309.9617919921875
1261.217041015625
1269.3829345703125
1282.978759765625
1267.435791015625
1263.2918701171875
1285.407958984375
1275.389892578125
1281.268798828125
1271.2098388671875
1275.659912109375
1272.59716796875
1251.0172119140625
1257.6697998046875
1257.456298828125
1259.0477294921875
1231.273681640625
1279.924072265625
1245.05712890625
1259.4427490234375
1258.6253662109375
1242.9283447265625
1246.3970947265625
1240.7105712890625
1240.429931640625
1227.944091796875
1249.8150634765625
1251.918701171875
1241.4486083984375
1225.74365234375
1243.369873046875
1236.5198974609375
1244.5504150390625
1231.8988037109375
1269.157470703125
1229.0150146484375
1222.756591796875
1237.726318359375
1227.6650390625
1219.0845947265625
1218.4097900390625
1223.599853515625
1225.356201171875
1251.3179931640625
1218.2486572265625
1227.55029296875
1230.9239501953125
1196.190185546875
1201.145263671875
1226.25341796875
1207.143798828125
1223.748046875
1188.875244140625
1177.083984375
1204.0262451171875
1201.780517578125
1199.972412109375
1219.863037109375
1197.677490234375
1181.0650634765625
1189.280517578125
1193.90087890625
1188.3548583984375
1181.875732421875
1193.3126220703125
1185.191162109375
1201.0103759765625
1184.544189453125
1167.157470703125
1178.4605712890625
1186.7645263671875
1163.291748046875
1178.173828125
1166.218505859375
1166.0394287109375
1163.8538818359375
1159.6466064453125
1166.184814453125
1162.500244140625
1160.306396484375
1177.9625244140625
1147.05224609375
1186.065185546875
1162.1595458984375
1165.4722900390625
1162.464111328125
1170.438232421875
1149.810302734375
1150.21630859375
1159.3184814453125
1161.4857177734375
1159.427734375
1137.720458984375
1139.0032958984375
1149.2841796875
1131.36669921875
1136.18017578125
1126.746337890625
1130.007080078125
1128.46484375
1119.240234375
1134.159912109375
1121.6466064453125
1135.8072509765625
1127.8924560546875
1109.3265380859375
1134.466552734375
1121.213134765625
1110.921142578125
1136.855224609375
1115.052001953125
1104.330322265625
1127.7078857421875
1096.4951171875
1108.22265625
1122.87255859375
1113.910888671875
1099.8055419921875
1101.865478515625
1099.6849365234375
1098.838623046875
1105.1068115234375
1106.1031494140625
1117.665283203125
1102.625732421875
1097.238525390625
1080.0977783203125
1093.016357421875
1083.782958984375
1076.2391357421875
1090.3875732421875
1072.771728515625
1097.0113525390625
1086.0916748046875
1083.3221435546875
1068.764404296875
1064.613037109375
1067.803955078125
1070.6895751953125
1070.17822265625
1069.214599609375
1066.482177734375
1068.2828369140625
1070.1116943359375
1073.1317138671875
1063.2242431640625
1069.1630859375
1063.5892333984375
1060.849365234375
1036.9100341796875
1058.2474365234375
1055.445556640625
1051.6541748046875
1034.3280029296875
1053.9739990234375
1061.77978515625
1054.826416015625
1045.6785888671875
1050.616943359375
1039.3681640625
1043.19775390625
1021.0865478515625
1026.484130859375
1028.873046875
1033.0338134765625
1028.857177734375
1021.0392456054688
1026.158935546875
1031.067626953125
1020.6085205078125
1038.2457275390625
1024.118408203125
1012.2088012695312
1009.9074096679688
1028.7657470703125
1021.1441650390625
1023.7962646484375
1006.3524169921875
1014.34765625
1012.6736450195312
1014.9064331054688
1002.9186401367188
997.7171020507812
1008.14013671875
993.4644775390625
1008.0738525390625
1014.4537353515625
991.6343994140625
1000.2679443359375
992.6588134765625
1009.2315673828125
998.1436767578125
988.0520629882812
995.4055786132812
999.9525146484375
992.4339599609375
1014.6287841796875
986.36572265625
996.146484375
990.1632690429688
989.0383911132812
999.474609375
997.6981201171875
1002.4064331054688
1003.0364990234375
984.40771484375
988.4461059570312
991.4462890625
988.9269409179688
980.5509033203125
982.5397338867188
985.740234375
989.7020263671875
982.0442504882812
971.9429931640625
990.4636840820312
972.4201049804688
979.9811401367188
968.8553466796875
998.0308837890625
980.6072998046875
983.1223754882812
966.32568359375
965.5733642578125
947.2432861328125
969.03515625
967.9859619140625
960.271484375
974.4498291015625
968.03515625
963.2047119140625
963.9568481445312
987.9742431640625
962.0081787109375
965.1110229492188
960.8109130859375
958.3602294921875
961.31787109375
948.0652465820312
967.5256958007812
968.5062255859375
946.3668212890625
952.9501953125
936.1187744140625
966.4796752929688
961.7131958007812
948.53515625
960.6995239257812
951.2896728515625
952.5496826171875
950.4314575195312
956.4554443359375
961.9832153320312
961.0390625
947.5860595703125
954.5582275390625
936.4358520507812
950.6029052734375
953.57958984375
958.3385620117188
945.6730346679688
937.5205078125
949.3924560546875
948.7716674804688
924.59130859375
950.8538818359375
930.86669921875
923.6945190429688
934.7179565429688
929.2550048828125
934.39404296875
932.1387939453125
916.8758544921875
927.2614135742188
925.6881713867188
940.6041259765625
939.58349609375
941.4534912109375
931.3870849609375
910.7576293945312
929.4942626953125
936.4373779296875
913.8834228515625
931.96435546875
928.13232421875
918.7736206054688
931.4811401367188
923.41943359375
907.7178955078125
